a,x,y
0,0.27676323126321306,0.184508820842142
1,0.6495751692232232,0.7663834461488154
1,0.47006715126317716,0.6467114341754514
0,0.49048151159187797,0.32698767439458526
0,0.0,0.0
0,0.09937906992916652,0.06625271328611101
0,0.3700080674876072,0.2466720449917381
1,1.0,1.0
0,0.2858947432325721,0.19059649548838137
1,0.7428715838848973,0.8285810559232648
