a,x,y
1,0.8698291749335922,0.7471320771825424
1,0.13894136612673597,0.017598118146946867
1,1.0,1.0
0,0.18071240447053516,0.24863269775906466
0,0.036992451333680045,0.05687060489265154
1,0.6751800342685058,0.6032270371987258
0,0.7844165226373808,0.9520341455647222
0,0.5566310918328621,0.871198648171531
1,0.12801120329115628,0.0
0,0.0,0.018389594233240814
