a,x,y,rank,rank_1,rank_2,rank_3,rank_4,rank_5,rank_6,rank_7,rank_8,rank_9,rank_10,rank_11,rank_12,rank_13,rank_14,rank_15,rank_16,rank_17,rank_18,rank_19,rank_20,rank_21,rank_22,rank_23,rank_24,rank_25,rank_26,rank_27,rank_28,rank_29,rank_30,rank_31,rank_32,rank_33,rank_34,rank_35,rank_36,rank_37,rank_38,rank_39,rank_40,rank_41,rank_42,rank_43,rank_44,rank_45,rank_46,rank_47,rank_48,rank_49,rank_50
1,1.0,1.0,1,2,1,1,3,2,1,1,1,2,1,1,1,2,1,1,1,1,1,1,3,1,1,3,1,1,1,2,1,1,1,3,2,3,1,1,1,1,2,1,1,2,3,1,1,2,2,1,4,3,2
1,0.8740448937809338,0.9350022580501359,3,1,2,3,2,3,2,3,3,1,3,4,3,4,2,3,3,4,2,2,2,3,2,2,2,2,3,1,4,3,2,1,3,2,3,2,4,2,5,3,3,1,2,3,2,3,1,3,3,1,3
0,0.7327925813466616,0.4608228546150771,6,4,6,7,6,5,6,6,4,5,7,8,6,5,7,6,6,6,6,6,7,7,5,7,5,5,6,4,7,5,7,4,5,5,7,5,6,4,6,4,5,6,5,5,4,6,7,6,7,4,7
0,0.08931917191377536,0.0,10,9,9,9,10,10,9,9,10,8,9,10,9,9,10,9,8,8,8,9,10,9,8,10,7,9,10,9,8,9,8,10,8,9,9,7,8,8,8,10,7,8,9,9,9,9,10,10,10,8,8
1,0.4544102247334417,0.5632778605777263,4,5,3,4,4,4,4,5,5,7,4,3,4,3,3,4,5,5,5,4,4,4,4,5,4,3,5,5,2,4,5,5,4,4,2,4,2,7,3,7,4,4,4,4,6,4,4,4,2,6,5
0,0.27334841006474214,0.2484668319411284,8,8,10,8,8,8,7,8,9,9,8,6,8,7,9,8,9,9,10,8,8,8,9,8,9,10,9,8,9,8,10,8,9,6,6,9,7,9,9,6,9,10,8,10,8,5,8,8,8,9,9
1,0.9253553281993874,0.9437647757490134,2,3,5,2,1,1,3,2,2,3,2,2,2,1,4,2,2,2,3,3,1,2,3,1,3,4,2,3,3,2,3,2,1,1,5,3,3,3,1,2,2,3,1,2,3,1,3,2,1,2,1
0,0.7505740095503028,0.5031707990819491,5,6,4,5,7,7,5,4,6,6,6,5,5,6,6,5,4,3,4,7,5,5,7,4,8,6,4,6,5,6,4,6,6,8,4,8,5,6,4,8,6,5,6,7,5,8,5,7,6,5,6
0,0.5675939289514697,0.2775874739534232,7,7,7,6,5,6,8,7,7,4,5,7,7,8,5,7,7,7,7,5,6,6,6,6,6,7,7,7,6,7,6,7,7,7,8,6,9,5,7,5,8,7,7,6,7,7,6,5,5,7,4
0,0.0,0.00197015496409004,9,10,8,10,9,9,10,10,8,10,10,9,10,10,8,10,10,10,9,10,9,10,10,9,10,8,8,10,10,10,9,9,10,10,10,10,10,10,10,9,10,9,10,8,10,10,9,9,9,10,10
