a,x,y
1,0.29117196134909684,0.0
0,0.6381092866893809,1.0
0,0.016842248085014215,0.49685403984324156
1,0.7398575669355826,0.3270314041351856
1,0.7648905913464584,0.5076851422638539
1,0.0,0.6055555607449666
0,0.5872624895527555,0.5716665422046742
1,1.0,0.7654295541228967
1,0.8095250768336977,0.8829213513965026
1,0.5979261944889174,0.28380257912386686
