a,x,y
1,0.7102753320250424,0.8068502213500283
0,0.9322144092086788,0.6214762728057858
1,1.0,1.0
1,0.7598536965979027,0.8399024643986018
0,0.649188812578574,0.4327925417190493
0,0.0,0.0
0,0.6575657281503993,0.43837715210026607
1,0.6758252264127151,0.7838834842751433
1,0.6854161596980158,0.7902774397986772
1,0.9308232214019412,0.953882147601294
