a,x,y
1,0.9607074988949194,0.8370429366930101
1,0.5145691395554896,0.7398097524014551
1,0.5262321641124738,0.20408653634758397
0,0.0,0.21168317815323986
1,0.6908169268934827,0.7779056806302613
0,0.3115751951903093,0.2174723256016784
0,0.6033612879047164,0.0
0,0.47117017599781924,0.0046647429870020785
1,1.0,0.5722522450907067
0,0.23088921337081558,1.0
